0.000000000000000000e+00 9.071983640794637482e-01
4.959382694749115902e-03 9.217337110361815133e-01
9.918765389498231805e-03 1.010180752153095662e+00
1.487814808424734771e-02 1.010004510841410852e+00
1.983753077899646361e-02 1.010097349883900542e+00
2.479691347374558125e-02 1.010205268988507266e+00
2.975629616849469541e-02 1.010153089571865337e+00
3.471567886324380958e-02 1.010190832532216865e+00
3.967506155799292722e-02 1.010179772742386684e+00
4.463444425274204486e-02 1.010056549921960256e+00
4.959382694749116249e-02 1.010295249114250726e+00
5.455320964224027319e-02 1.010212461854540278e+00
5.951259233698939083e-02 1.010182284307202139e+00
6.447197503173850153e-02 1.010126166801896819e+00
6.943135772648761916e-02 1.010230326947765711e+00
7.439074042123673680e-02 1.010326766449009428e+00
7.935012311598585444e-02 1.010263697136205341e+00
8.430950581073497208e-02 1.010181476098642284e+00
8.926888850548408971e-02 1.010248736512455503e+00
9.422827120023320735e-02 1.010263744606927361e+00
9.918765389498232499e-02 1.010256490577437827e+00
1.041470365897314287e-01 1.010067998394044153e+00
1.091064192844805464e-01 1.010309397625358541e+00
1.140658019792296640e-01 1.010273928988051129e+00
1.190251846739787817e-01 1.010317554923032546e+00
1.239845673687278993e-01 1.010128039493859431e+00
1.289439500634770031e-01 1.010217333251207217e+00
1.339033327582261346e-01 1.010162849584936406e+00
1.388627154529752383e-01 1.010308190221552938e+00
1.438220981477243698e-01 1.010289071623440504e+00
1.487814808424734736e-01 1.010290400099276509e+00
1.537408635372226051e-01 1.010155075724709084e+00
1.587002462319717089e-01 1.010238798072649713e+00
1.636596289267208126e-01 1.010388187288815631e+00
1.686190116214699442e-01 1.010355040382322933e+00
1.735783943162190479e-01 1.010276323113099783e+00
1.785377770109681794e-01 1.010330542872959203e+00
1.834971597057172832e-01 1.010315700522308235e+00
1.884565424004664147e-01 1.010304170451862049e+00
1.934159250952155185e-01 1.010190207110448934e+00
1.983753077899646500e-01 1.010194561235130184e+00
2.033346904847137537e-01 1.010193718547108821e+00
2.082940731794628575e-01 1.010276587696464334e+00
2.132534558742119890e-01 1.010438110719818594e+00
2.182128385689610928e-01 1.010302573504646029e+00
2.231722212637102243e-01 1.010261932152161757e+00
2.281316039584593280e-01 1.010155866777687317e+00
2.330909866532084596e-01 1.010273685882478123e+00
2.380503693479575633e-01 1.010319939434209502e+00
2.430097520427066671e-01 1.010301614484181210e+00
2.479691347374557986e-01 1.010297534316269008e+00
2.529285174322049023e-01 1.010352323933569663e+00
2.578879001269540061e-01 1.010448758244804957e+00
2.628472828217031654e-01 1.010375997857656083e+00
2.678066655164522691e-01 1.010155183444738425e+00
2.727660482112013729e-01 1.010359281006636634e+00
2.777254309059504767e-01 1.010406561165526629e+00
2.826848136006995804e-01 1.010054193149289681e+00
2.876441962954487397e-01 1.010214178020661491e+00
2.926035789901978434e-01 1.010213816599178749e+00
2.975629616849469472e-01 1.010265393031214876e+00
3.025223443796960510e-01 1.010289417212336227e+00
3.074817270744452102e-01 1.010178121692797637e+00
3.124411097691943140e-01 1.010230213497980811e+00
3.174004924639434178e-01 1.010376593115491994e+00
3.223598751586925215e-01 1.010348276274959822e+00
3.273192578534416253e-01 1.010169401492587271e+00
3.322786405481907845e-01 1.010261461551810180e+00
3.372380232429398883e-01 1.010320600289805748e+00
3.421974059376889921e-01 1.010165540569970100e+00
3.471567886324380958e-01 1.010287034354564462e+00
3.521161713271872551e-01 1.010212198091934299e+00
3.570755540219363589e-01 1.010322541644763428e+00
3.620349367166854626e-01 1.010201315099778618e+00
3.669943194114345664e-01 1.010275222184397359e+00
3.719537021061836701e-01 1.010258887135760508e+00
3.769130848009328294e-01 1.010256963808711772e+00
3.818724674956819332e-01 1.010223606402364194e+00
3.868318501904310369e-01 1.010177490382215826e+00
3.917912328851801407e-01 1.010233270888207358e+00
3.967506155799292999e-01 1.010245054673635900e+00
4.017099982746784037e-01 1.010097349248647136e+00
4.066693809694275075e-01 1.010017335850694753e+00
4.116287636641766112e-01 1.010068942234435330e+00
4.165881463589257150e-01 1.010058741855508702e+00
4.215475290536748743e-01 1.010241217566118843e+00
4.265069117484239780e-01 1.010157605583144935e+00
4.314662944431730818e-01 1.010286204019926082e+00
4.364256771379221855e-01 1.010224384407731879e+00
4.413850598326712893e-01 1.010116154948645262e+00
4.463444425274204486e-01 1.010130959690364927e+00
4.513038252221695523e-01 1.010081984151717238e+00
4.562632079169186561e-01 1.010191275458650395e+00
4.612225906116677598e-01 1.010112947552279872e+00
4.661819733064169191e-01 1.010219039345373604e+00
4.711413560011660229e-01 1.010207564932372737e+00
4.761007386959151266e-01 1.010192425052282017e+00
4.810601213906642304e-01 1.009989577420487672e+00
4.860195040854133341e-01 1.010225560786259580e+00
4.909788867801624934e-01 9.770292132370999028e-01
4.959382694749115972e-01 9.771381476148003342e-01
5.008976521696607564e-01 9.771979898150947585e-01
5.058570348644098047e-01 1.010188669170693831e+00
5.108164175591589640e-01 1.010185018331268392e+00
5.157758002539080122e-01 1.010159272147450160e+00
5.207351829486571715e-01 1.010221921191439165e+00
5.256945656434063308e-01 1.010247324600008989e+00
5.306539483381553790e-01 1.010074986538400221e+00
5.356133310329045383e-01 1.010266752026819370e+00
5.405727137276535865e-01 1.010154620328407749e+00
5.455320964224027458e-01 1.010110325826940603e+00
5.504914791171519051e-01 1.010174777488358266e+00
5.554508618119009533e-01 1.010225088522711534e+00
5.604102445066501126e-01 1.010210625737215429e+00
5.653696272013991608e-01 1.010175720820023271e+00
5.703290098961483201e-01 1.010181065378719545e+00
5.752883925908974794e-01 1.010107551638239398e+00
5.802477752856465276e-01 1.010041382751303729e+00
5.852071579803956869e-01 1.010273193432050354e+00
5.901665406751448462e-01 1.010216175268957350e+00
5.951259233698938944e-01 1.010108360773682490e+00
6.000853060646430537e-01 1.010167669494682174e+00
6.050446887593921019e-01 1.010207599981124638e+00
6.100040714541412612e-01 1.010232170122875361e+00
6.149634541488904205e-01 1.010227135703007262e+00
6.199228368436394687e-01 1.010224493002123580e+00
6.248822195383886280e-01 1.010182406146699075e+00
6.298416022331376762e-01 1.010078241218387740e+00
6.348009849278868355e-01 1.010185877400786136e+00
6.397603676226359948e-01 1.010289247077613473e+00
6.447197503173850430e-01 1.010047685681669805e+00
6.496791330121342023e-01 1.010173639600412177e+00
6.546385157068832505e-01 1.010245303115479443e+00
6.595978984016324098e-01 1.010239329013443266e+00
6.645572810963815691e-01 1.010241834389309812e+00
6.695166637911306173e-01 1.010193984630413766e+00
6.744760464858797766e-01 1.010119586740362507e+00
6.794354291806288249e-01 1.010274482224706061e+00
6.843948118753779841e-01 1.010194821452262470e+00
6.893541945701271434e-01 1.010243316584834794e+00
6.943135772648761916e-01 1.010177966216637913e+00
6.992729599596253509e-01 1.010215465246221189e+00
7.042323426543745102e-01 1.010187435957940139e+00
7.091917253491235584e-01 1.010382536382351981e+00
7.141511080438727177e-01 1.010286754650186358e+00
7.191104907386217659e-01 1.010254295306642236e+00
7.240698734333709252e-01 1.010313508082026912e+00
7.290292561281200845e-01 1.010224263518783028e+00
7.339886388228691327e-01 1.010275457296542667e+00
7.389480215176182920e-01 1.010197454138355821e+00
7.439074042123673403e-01 1.010368320294389610e+00
7.488667869071164995e-01 1.010299079284749046e+00
7.538261696018656588e-01 1.010319145397173601e+00
7.587855522966147070e-01 1.010272863965507861e+00
7.637449349913638663e-01 1.010186050609447550e+00
7.687043176861129146e-01 1.010252857591577680e+00
7.736637003808620738e-01 1.010376640164144302e+00
7.786230830756112331e-01 1.010437797958460671e+00
7.835824657703602814e-01 1.010188283879136728e+00
7.885418484651094406e-01 1.010130700925858438e+00
7.935012311598585999e-01 1.010259602138610990e+00
7.984606138546076481e-01 1.010292947824670273e+00
8.034199965493568074e-01 1.010220723622238248e+00
8.083793792441058557e-01 1.010228136022933487e+00
8.133387619388550149e-01 1.010230015657131108e+00
8.182981446336041742e-01 1.010253839564274392e+00
8.232575273283532225e-01 1.010061598412638872e+00
8.282169100231023817e-01 1.010203770729589889e+00
8.331762927178514300e-01 1.010125542037199953e+00
8.381356754126005892e-01 1.010229437379808193e+00
8.430950581073497485e-01 1.010251910933696928e+00
8.480544408020987968e-01 1.010218613191291581e+00
8.530138234968479560e-01 1.010222983700655330e+00
8.579732061915970043e-01 1.010100895583816882e+00
8.629325888863461635e-01 1.010177069650095127e+00
8.678919715810953228e-01 1.010107010110290471e+00
8.728513542758443711e-01 1.010165030474956094e+00
8.778107369705935303e-01 1.010068754924170920e+00
8.827701196653425786e-01 1.010208276982156539e+00
8.877295023600917379e-01 1.010145650469713940e+00
8.926888850548408971e-01 1.010231540735120115e+00
8.976482677495899454e-01 1.010257191709404978e+00
9.026076504443391046e-01 1.010218349279409011e+00
9.075670331390882639e-01 1.010094935984266362e+00
9.125264158338373122e-01 1.010176394000120492e+00
9.174857985285864714e-01 1.010172736517931380e+00
9.224451812233355197e-01 1.010233360701292549e+00
9.274045639180846790e-01 1.010119560998442356e+00
9.323639466128338382e-01 1.010181850597664965e+00
9.373233293075828865e-01 1.010161918502019862e+00
9.422827120023320457e-01 1.009952990246282045e+00
9.472420946970810940e-01 1.010130168420146690e+00
9.522014773918302533e-01 1.010147837504470791e+00
9.571608600865794125e-01 1.010094025176084820e+00
9.621202427813284608e-01 1.010150491417016294e+00
9.670796254760776200e-01 1.010096002252399261e+00
9.720390081708266683e-01 1.010062472127008393e+00
9.769983908655758276e-01 1.010017699178166417e+00
9.819577735603249868e-01 1.010072863065653248e+00
9.869171562550740351e-01 9.216493760889414855e-01
9.918765389498231944e-01 9.071983640794637482e-01
